473 332
734 373
18 920
191 848
48 45
991 443
941 851
956 193
691 676
438 496
372 142
263 909
896 556
729 150
307 686
780 381
375 561
210 753
865 196
634 263
553 567
214 872
360 697
313 851
710 258
51 585
32 343
151 523
541 449
269 515
628 862
879 444
698 140
493 674
309 99
383 802
694 398
603 805
207 51
212 166
922 33
935 497
233 225
558 510
771 803
557 285
791 223
686 695
460 618
983 164
105 161
528 752
812 282
244 993
798 384
402 118
57 349
57 120
790 937
716 988
347 862
455 395
644 819
974 694
960 796
990 675
434 457
921 575
389 980
40 826
258 231
296 523
122 599
249 411
717 516
581 921
680 634
661 126
91 239
886 473
657 650
591 296
687 758
589 223
396 57
296 644
98 134
829 878
648 537
899 119
842 817
391 881
31 80
628 70
996 237
294 719
132 886
989 49
729 647
371 939
696 470
76 725
635 231
967 704
385 19
791 478
646 60
288 352
852 165
759 940
843 116
996 358
466 129
498 81
79 134
626 532
722 994
660 116
92 827
543 763
534 943
12 80
523 784
113 886
118 735
668 879
396 191
43 561
392 486
612 718
409 655
445 312
211 145
703 836
918 761
684 594
725 366
716 546
678 25
779 831
347 191
397 537
527 795
955 10
167 489
924 202
753 549
950 834
857 377
96 959
760 481
765 559
85 800
451 369
878 436
365 854
271 667
936 828
284 902
572 780
787 439
424 387
520 849
74 274
79 618
363 148
561 621
454 266
522 141
398 334
912 555
750 264
792 675
33 623
327 575
671 385
624 44
832 976
257 516
549 624
265 865
543 92
326 323
52 757
416 216
304 978
373 583
170 749
825 155
376 854
73 816
282 172
138 164
749 52
38 980
487 806
638 450
817 681
963 735
187 285
109 860
252 414
274 927
136 468
511 345
683 866
769 906
249 116
345 578
166 347
861 872
83 578
908 166
503 117
85 129
608 170
926 745
26 946
678 643
547 160
975 866
221 404
479 928
548 533
758 114
114 12
556 919
468 806
289 538
330 347
459 986
338 696
847 573
425 584
492 345
695 179
423 474
461 766
772 399
409 347
271 117
777 514
144 830
842 872
653 707
785 109
656 224
745 939
721 353
542 876
757 764
862 63
779 523
839 574
801 53
321 648
176 1
998 338
733 592
226 761
565 715
914 869
755 58
856 110
305 761
811 367
327 254
542 179
342 828
588 66
987 300
782 834
102 846
110 670
564 877
686 308
223 318
718 526
360 323
444 960
24 374
239 262
725 421
596 536
821 654
295 544
584 418
42 135
319 672
401 711
859 128
797 711
580 713
570 254
387 318
731 882
552 614
529 896
734 133
687 21
372 949
577 149
642 544
857 432
705 829
75 662
961 526
913 778
825 894
584 539
135 447
878 491
761 909
984 658
555 252
505 660
940 359
819 69
153 208
664 195
182 909
300 901
919 650
630 547
905 486
671 319
412 324
546 324
403 504
482 797
869 11
36 976
320 506
485 839
908 905
461 216
347 380
361 278
166 39
793 137
258 796
485 21
743 545
970 736
156 748
522 88
723 78
668 142
403 625
361 628
879 325
526 961
806 786
314 812
341 686
418 381
470 571
817 615
242 155
159 157
67 568
136 173
917 738
392 99
769 840
313 974
492 976
440 520
660 789
151 417
677 204
443 37
899 805
197 533
318 42
521 630
827 148
961 902
875 862
892 802
74 813
905 741
941 398
633 53
803 693
8 230
603 110
154 55
16 350
520 112
76 364
824 752
230 279
810 625
698 155
610 271
37 638
390 2
648 297
804 285
229 579
657 531
789 916
536 470
448 357
682 295
852 972
847 628
217 461
230 400
20 590
713 813
919 918
721 408
325 408
583 932
299 944
541 706
954 875
84 467
676 113
492 292
846 524
533 64
741 996
875 996
610 284
886 825
22 491
927 634
490 596
657 773
567 62
539 754
598 314
823 927
501 647
513 472
764 54
619 602
531 755
75 246
116 18
176 69
429 249
816 658
952 290
761 951
883 419
175 598
703 717
598 435
288 246
614 645
609 301
769 290
432 668
490 609
256 442
815 140
467 891
503 548
539 996
35 968
382 258
850 363
795 427
915 758
15 730
852 180
326 70
534 19
979 369
41 86
844 181
309 840
16 29
637 376
494 556
427 566
526 545
914 361
556 653
508 905
33 612
304 846
772 951
841 556
662 325
710 73
339 803
774 731
773 543
415 569
855 841
528 446
762 384
436 628
236 274
618 376
67 502
297 964
309 35
736 102
429 854
386 218
212 102
647 259
850 618
748 836
872 377
10 641
151 580
715 393
524 862
183 569
651 674
207 926
16 163
632 395
86 865
714 205
110 993
786 44
777 490
686 860
856 783
400 274
565 341
331 174
983 100
437 570
346 977
831 497
93 531
65 698
383 41
789 500
770 221
985 146
627 438
453 285
972 621
404 100
340 344
460 675
606 500
308 806
210 234
505 862
892 39
481 239
776 803
96 290
399 62
132 701
449 408
891 753
445 932
742 401
814 506
406 186
134 518
405 981
823 740
143 715
251 285
977 160
523 478
894 391
415 127
728 358
855 399
411 651
585 575
810 922
464 285
923 799
931 165
573 420
215 712
132 943
435 715
182 306
975 171
696 756
94 422
705 347
797 350
179 8
24 134
777 866
114 256
491 14
804 474
592 820
430 758
471 301
911 802
424 189
369 253
878 130
217 650
747 879
98 433
854 941
852 114
604 12
738 995
941 829
301 11
397 702
345 17
300 769
685 351
57 553
676 302
24 376
863 128
610 702
101 330
37 840
563 361
386 728
105 715
838 300
296 17
898 351
497 7
177 325
562 136
636 85
416 607
218 326
302 734
782 139
947 243
892 307
38 661
277 906
5 218
271 374
560 248
472 364
6 857
978 724
524 554
983 839
563 253
67 315
210 623
158 433
163 777
185 41
704 377
509 138
557 852
371 433
968 423
510 777
720 321
207 968
959 603
945 668
110 806
913 901
561 678
160 334
710 249
478 680
491 619
274 621
95 390
119 747
62 213
628 853
134 318
416 970
601 198
69 108
387 683
220 506
423 865
385 573
904 909
293 984
926 668
40 804
945 681
193 817
205 908
236 221
683 681
925 443
433 506
126 992
859 614
5 473
896 681
32 576
799 977
300 98
164 466
678 458
232 866
411 114
719 984
438 742
147 4
207 55
811 987
270 340
280 799
494 758
48 412
318 44
598 61
157 584
831 794
129 522
51 831
481 415
626 510
287 815
774 933
189 14
414 627
61 997
656 160
336 707
721 518
377 479
123 828
47 15
580 515
346 348
673 706
580 286
342 872
259 874
441 585
885 104
871 169
798 630
22 372
696 582
795 66
184 178
942 988
744 478
245 831
680 759
845 826
886 827
72 85
669 75
58 187
416 420
663 526
336 131
368 349
698 520
736 775
216 480
660 228
51 147
249 428
942 880
577 193
45 598
931 462
339 550
927 986
738 821
210 436
36 549
757 834
316 603
765 658
244 434
445 424
235 614
142 423
202 437
193 617
463 249
991 368
894 701
993 414
960 237
318 770
222 796
275 134
65 324
225 313
767 596
225 542
161 786
678 29
227 93
27 971
126 684
131 799
62 965
693 768
963 363
290 792
887 782
794 591
780 427
618 365
274 555
50 847
86 504
58 671
139 101
378 383
326 193
56 332
732 386
799 790
742 27
549 615
526 897
120 209
323 43
906 135
455 199
56 453
591 797
135 517
984 957
476 258
858 323
550 207
462 94
849 503
935 543
687 212
329 504
819 368
499 915
213 558
292 851
397 904
345 448
295 856
441 156
909 261
955 377
382 744
950 33
740 223
874 977
293 931
43 2
213 450
851 441
457 810
432 457
24 928
523 346
242 104
343 910
871 800
879 395
216 51
813 41
185 472
80 944
768 564
198 936
863 801
99 405
665 816
737 167
585 564
337 462
492 107
700 285
404 223
488 631
772 161
290 121
39 539
245 644
978 229
840 790
205 279
336 762
468 918
397 220
892 162
489 452
305 631
737 288
360 301
888 457
125 929
309 521
37 587
147 193
854 809
931 275
793 570
251 287
941 468
707 301
705 457
209 290
522 521
646 816
558 932
570 3
637 996
649 67
855 401
189 311
607 70
309 642
992 406
362 239
694 712
367 354
279 470
950 409
363 878
12 126
471 411
525 647
447 993
152 779
183 129
840 924
678 71
196 822
650 9
41 719
187 773
834 355
89 201
311 314
443 470
200 712
625 181
883 476
423 491
789 60
560 237
617 771
6 846
491 366
752 178
788 589
251 650
731 55
127 843
283 602
536 782
957 546
599 838
845 76
745 138
368 188
794 525
703 895
276 599
403 374
4 665
692 248
747 184
623 377
339 618
191 491
595 315
777 63
462 725
952 589
854 17
272 830
960 184
560 479
835 418
453 87
922 831
287 320
182 792
392 787
478 790
115 738
786 906
743 307
159 256
431 449
307 908
747 197
58 618
755 546
383 903
383 674
424 675
639 600
663 728
415 626
19 626
322 435
454 554
222 985
84 792
882 506
49 505
775 380
191 854
325 854
937 149
341 798
220 508
968 667
684 908
838 557
86 693
557 278
161 49
149 749
851 267
93 817
537 336
963 673
271 860
720 686
398 635
998 142
604 740
72 879
693 31
452 642
758 160
572 973
553 694
498 758
135 706
685 850
840 495
936 203
426 855
949 630
44 295
352 411
35 704
305 565
664 912
516 519
505 101
395 229
773 855
331 473
465 702
802 95
480 44
960 681
611 527
225 986
261 643
440 874
724 404
311 235
519 938
481 646
517 340
603 114
126 189
637 930
594 294
852 855
253 1
576 920
612 348
741 987
553 936
56 655
4 465
496 173
685 863
536 474
467 640
718 222
678 823
795 176
10 135
794 217
887 408
376 229
226 699
760 340
16 825
776 284
442 933
368 1
906 808
712 299
885 456
959 405
675 646
983 762
386 543
802 458
573 598
721 533
153 12
886 829
526 523
347 292
829 66
204 243
930 643
533 189
734 179
403 308
601 589
771 475
845 949
430 707
784 939
443 646
797 878
916 829
976 880
360 611
878 308
203 664
657 80
944 110
868 300
992 595
675 888
7 200
554 598
573 611
958 193
605 829
154 893
37 79
154 664
527 909
580 772
160 149
564 10
238 254
725 601
940 526
430 949
731 123
686 609
608 955
305 954
693 770
122 981
323 971
113 195
393 249
290 565
701 136
128 503
866 432
414 79
517 958
405 488
223 511
503 794
98 745
146 264
720 499
706 601
921 260
866 324
193 982
84 29
296 208
172 401
249 96
717 201
746 673
446 381
570 797
955 379
0 681
776 902
532 47
822 789
724 217
305 499
899 743
324 512
133 981
73 930
511 338
502 518
359 735
144 581
288 37
931 143
735 268
630 969
312 165
661 53
652 499
380 40
809 153
291 227
664 738
595 867
841 105
712 220
189 179
464 155
230 217
923 669
143 477
724 459
311 61
266 813
211 877
775 690
632 641
618 743
76 423
681 274
964 333
606 625
47 890
960 857
892 164
589 163
506 128
874 295
625 988
389 223
867 521
803 994
668 806
921 986
85 485
234 56
915 683
280 172
227 834
868 342
534 762
713 993
931 398
839 809
913 758
619 311
536 771
971 699
525 878
52 200
817 3
877 54
562 945
851 819
753 247
477 312
220 952
605 763
22 442
127 724
938 414
275 70
588 301
249 606
32 83
546 304
631 119
108 832
297 768
283 604
352 963
388 657
718 532
369 378
644 317
52 442
43 851
924 371
743 296
514 473
789 183
274 491
599 22
425 135
110 797
892 540
704 489
217 896
377 94
597 363
776 365
330 19
693 596
674 317
791 902
555 137
333 24
744 561
888 17
857 438
273 387
815 441
245 325
264 338
694 151
873 419
583 320
524 908
221 907
348 682
902 73
714 251
821 902
442 317
996 903
227 163
328 215
479 613
85 982
759 438
430 199
468 491
454 556
60 400
338 381
381 980
797 141
477 459
525 207
544 220
626 259
853 975
214 988
28 569
23 225
565 279
754 444
335 231
887 973
949 390
706 669
986 952
612 216
20 341
168 993
708 449
295 805
430 441
797 383
54 864
236 575
549 806
246 805
366 870
703 226
918 151
190 644
680 508
716 165
358 457
284 279
504 511
182 231
834 157
672 95
522 565
954 747
816 517
16 464
57 465
145 349
374 172
998 36
406 124
772 218
966 986
88 983
561 937
63 926
173 532
971 283
883 399
448 242
179 54
258 347
595 935
273 655
931 332
353 355
872 920
31 75
944 796
476 462
355 401
897 455
324 822
520 239
483 586
414 752
345 881
665 68
670 183
611 771
531 519
801 114
457 304
976 869
864 170
855 579
179 67
879 936
342 997
987 240
372 876
618 114
169 22
334 355
880 528
336 135
373 431
323 839
612 713
528 76
441 831
582 541
587 656
7 81
678 20
359 240
779 597
924 426
268 795
109 479
444 203
124 787
380 713
824 195
540 436
779 718
677 936
130 309
534 133
262 199
518 125
532 23
492 890
523 203
500 256
205 833
241 261
838 251
399 847
442 22
53 210
383 610
776 541
74 269
201 310
454 261
113 197
918 890
797 75
269 215
76 49
425 203
631 308
639 428
401 785
924 789
74 390
583 267
257 740
764 544
222 224
425 95
172 632
669 684
619 863
125 328
340 216
473 745
660 608
569 224
99 275
954 560
967 499
130 793
973 21
840 660
983 214
675 98
886 510
330 329
994 80
302 1
637 974
16 398
860 494
626 327
29 108
717 216
493 737
713 969
345 573
128 50
97 471
64 65
344 348
984 974
541 633
835 851
646 686
897 268
520 281
833 512
640 117
540 933
175 283
259 920
829 807
326 452
596 276
859 915
955 623
671 864
970 931
660 971
197 944
443 219
85 474
503 233
164 767
572 104
415 120
943 505
833 633
131 361
516 697
841 228
70 876
794 153
968 40
670 117
463 53
482 66
559 286
405 48
825 405
691 176
921 867
706 161
100 351
986 215
559 407
466 179
555 931
204 179
961 158
118 664
310 834
819 977
487 238
180 761
925 878
133 649
40 192
329 66
936 744
14 957
926 56
391 126
219 837
16 774
272 700
654 765
759 64
869 690
318 587
354 244
693 464
944 46
211 195
986 457
592 826
172 203
58 367
8 775
724 945
438 359
522 996
770 832
407 780
668 821
217 885
814 875
456 147
192 74
758 714
930 3
307 778
813 421
799 486
97 968
343 472
114 383
119 498
939 237
364 265
102 36
836 260
662 373
211 437
467 134
183 375
656 824
577 265
284 952
270 788
347 483
438 601
696 896
214 627
420 961
635 886
592 21
308 262
795 609
965 532
742 194
329 550
931 884
544 209
222 158
210 858
977 771
595 440
763 253
763 24
804 25
308 383
762 553
82 794
646 607
462 32
296 265
783 612
328 446
975 782
441 94
176 614
682 974
704 733
38 909
877 661
316 99
481 166
949 271
596 907
324 448
747 551
701 435
420 156
931 897
824 505
914 664
603 802
964 27
704 854
0 509
325 40
280 792
867 94
450 974
481 287
971 151
255 735
976 266
711 749
376 207
791 220
221 333
369 985
61 869
644 924
826 672
573 226
900 392
418 389
468 735
719 51
490 228
151 762
8 225
402 115
558 628
131 295
10 5
562 747
15 120
92 340
157 469
685 854
616 983
382 816
209 336
285 883
228 349
159 515
324 811
126 72
549 929
170 115
829 983
887 170
348 121
515 298
513 225
638 634
146 697
187 469
536 586
262 54
458 932
53 883
142 403
160 945
247 870
89 18
770 645
765 301
360 481
874 702
924 65
750 932
373 191
20 827
925 933
899 237
4 590
465 948
311 481
163 354
493 229
627 983
498 78
570 183
451 3
942 994
463 471
697 409
432 892
413 650
110 612
540 425
311 602
507 248
591 656
94 375
873 342
861 251
584 239
919 458
250 888
327 317
115 663
762 245
990 109
609 417
311 723
774 484
507 140
911 755
41 81
822 417
555 73
546 253
389 535
499 895
788 769
208 194
326 186
419 148
680 189
102 212
652 356
179 661
277 967
738 130
0 201
626 892
275 140
729 310
390 615
992 949
720 490
739 769
307 846
847 302
174 731
119 795
301 543
824 318
213 430
590 151
958 318
605 954
908 726
259 546
572 777
144 559
359 255
559 20
523 326
583 377
98 628
299 618
858 316
192 263
627 420
183 672
615 854
515 916
351 256
948 246
530 258
603 965
479 441
594 916
979 727
960 485
738 143
935 657
887 909
775 439
930 313
203 213
37 446
133 154
33 741
642 31
368 960
555 557
217 269
716 919
406 168
58 919
901 147
185 465
553 632
551 559
179 916
196 102
343 795
613 390
544 519
628 927
134 392
101 178
601 272
463 42
642 44
881 326
211 989
128 991
558 804
329 981
883 106
447 973
827 440
915 324
409 452
10 181
975 863
885 152
436 60
721 458
148 825
165 994
275 637
58 114
75 283
503 235
892 47
916 404
379 465
547 278
122 772
861 882
105 576
64 538
826 632
669 123
302 595
71 699
319 535
387 410
253 181
805 923
657 5
743 45
879 872
915 566
194 540
419 887
656 571
670 240
279 584
298 597
881 689
683 179
399 420
256 600
178 946
317 58
921 990
411 888
392 646
800 471
53 951
409 815
791 880
552 369
240 777
534 995
381 487
563 235
988 936
955 759
638 823
466 302
903 303
591 482
897 754
985 638
947 117
914 169
761 893
203 602
703 888
818 875
753 251
357 251
529 772
764 346
544 77
623 370
991 308
347 243
433 17
603 428
162 426
33 541
694 21
828 775
565 136
63 420
51 329
233 77
221 777
775 131
936 759
623 262
377 206
113 133
560 593
720 316
563 598
642 891
771 776
544 90
136 36
28 439
551 251
426 485
63 433
766 324
912 607
325 847
707 912
750 316
722 483
416 965
460 483
396 498
518 195
839 250
101 809
627 367
646 380
626 142
337 39
428 386
249 155
698 18
956 542
37 272
119 45
795 853
970 854
68 753
701 437
355 29
654 96
590 569
813 89
469 50
773 727
587 42
531 147
173 402
990 432
663 37
618 789
306 931
870 744
739 32
782 631
606 671
16 576
136 641
585 504
258 109
48 528
823 790
83 522
871 43
974 693
955 451
476 682
719 174
435 644
789 913
250 864
219 531
38 456
618 802
643 41
211 118
560 43
924 993
756 857
135 244
938 110
631 862
970 62
560 164
345 993
111 826
78 649
155 115
334 346
45 243
898 159
397 631
817 988
873 331
360 483
47 23
599 765
690 129
516 767
433 998
563 290
69 721
159 880
465 132
859 288
368 465
960 111
337 886
275 8
583 124
935 54
398 78
477 142
642 475
532 832
292 591
540 427
927 873
471 593
760 696
438 416
607 602
122 853
583 16
593 475
92 947
441 835
780 301
802 814
394 494
941 892
504 891
746 653
214 792
451 476
322 362
748 699
201 72
519 610
20 963
445 432
238 368
596 830
4 955
362 663
775 78
370 258
134 247
516 312
177 617
777 124
278 440
572 658
245 263
231 328
437 433
55 102
729 312
995 431
356 215
996 841
903 613
309 140
364 564
61 792
966 669
652 479
96 261
437 325
41 96
82 851
976 81
829 785
973 12
667 494
823 482
591 913
226 263
809 843
676 957
413 89
839 197
930 315
780 785
563 787
274 684
989 895
306 636
254 446
326 322
802 251
767 967
619 49
880 90
71 217
169 752
676 31
258 43
232 808
194 516
259 911
612 46
918 318
268 236
4 392
513 269
224 166
891 858
963 734
797 442
475 916
105 336
862 49
743 852
407 637
35 765
668 449
324 639
805 683
345 698
498 940
559 398
32 881
880 453
52 72
131 365
678 763
280 165
29 583
175 637
72 953
82 180
257 181
275 760
875 230
677 511
434 753
102 14
434 524
38 524
286 360
401 347
93 194
924 351
657 7
557 823
65 132
464 403
968 165
226 989
842 992
852 219
100 355
518 868
932 885
765 479
966 240
580 699
15 661
211 78
863 4
702 810
124 833
375 415
430 876
576 176
526 584
619 775
829 356
3 543
815 192
30 905
687 946
38 537
525 884
363 68
561 312
533 479
546 418
124 954
64 674
802 640
70 196
708 187
410 264
112 607
404 715
729 246
710 4
101 677
123 207
835 184
600 775
999 780
74 436
690 439
456 272
188 723
4 902
838 539
89 451
92 197
240 95
964 126
565 380
611 267
275 318
215 38
911 7
472 603
771 899
568 836
475 608
948 303
783 495
72 632
777 192
367 28
201 490
886 327
454 670
330 146
289 108
201 261
803 558
25 35
527 394
408 968
530 665
392 206
874 209
669 743
227 398
774 796
901 83
452 745
364 632
50 213
677 311
123 691
539 606
40 922
169 807
714 378
501 270
575 973
148 869
14 640
974 453
105 41
671 681
877 786
271 976
453 458
131 407
580 270
733 512
249 399
390 109
686 925
474 517
937 278
928 458
705 386
839 615
911 491
980 96
352 527
195 55
837 690
563 158
157 702
83 753
348 4
432 641
550 633
569 646
863 864
761 816
111 936
276 286
496 518
744 354
625 928
587 636
334 227
100 60
243 826
0 876
380 343
220 879
159 869
966 403
630 225
117 643
411 824
203 417
808 231
345 995
852 274
754 934
231 893
513 579
100 181
798 977
757 939
247 874
179 181
906 924
445 300
362 531
721 878
427 431
812 996
865 105
402 603
400 5
768 172
677 579
295 248
685 403
38 592
216 598
233 13
701 118
923 985
976 57
138 944
615 603
375 362
270 834
301 184
683 249
655 416
914 118
556 410
714 996
726 67
441 837
563 534
788 652
600 830
763 70
837 19
448 961
792 771
138 18
360 848
676 596
406 735
519 612
733 83
703 140
204 493
820 725
226 252
364 445
93 625
55 104
579 784
101 745
393 136
496 786
152 976
305 23
573 969
208 319
158 498
974 495
468 660
514 776
779 27
288 958
995 325
365 158
172 517
304 148
708 268
988 551
275 615
382 512
311 43
170 858
519 746
285 579
654 153
535 727
903 857
194 397
906 374
534 731
1 2
288 32
121 858
470 975
377 518
179 799
270 163
779 269
676 33
180 620
612 277
763 446
656 320
983 449
224 397
685 792
17 333
234 856
960 731
979 744
363 741
655 95
14 587
760 148
176 97
29 572
552 347
617 513
940 200
364 821
711 111
174 172
606 620
223 64
250 921
687 693
630 159
905 98
888 454
24 120
125 926
926 157
45 179
600 172
897 395
525 752
425 814
34 929
492 346
576 983
15 650
772 629
846 578
841 234
868 337
684 516
579 234
395 413
436 414
211 67
49 5
606 862
192 993
209 408
25 587
503 589
412 996
732 183
382 70
776 226
60 19
318 580
648 943
510 521
202 368
9 993
895 820
936 858
480 578
377 894
977 630
413 817
521 121
149 478
233 886
854 1
921 994
351 878
74 75
698 693
925 884
519 196
496 707
711 366
320 481
738 994
213 126
261 840
658 476
993 466
831 404
698 814
101 558
930 117
362 599
986 463
740 959
265 666
282 81
707 782
399 895
254 248
61 607
663 712
14 266
640 957
487 486
332 841
299 664
473 551
646 479
930 9
954 366
573 674
722 474
562 256
928 84
96 197
32 441
920 903
376 776
949 372
775 256
890 997
453 205
29 143
667 659
176 836
778 904
735 76
649 790
382 675
676 893
270 205
387 790
564 194
808 554
238 438
403 734
931 890
227 508
380 787
573 916
717 372
994 946
975 667
572 957
167 908
776 723
523 277
576 783
185 632
6 401
107 749
401 967
485 372
191 154
368 790
614 28
807 157
545 157
660 898
154 272
999 98
98 111
260 698
392 329
337 393
442 675
650 624
72 647
34 621
753 42
245 804
133 334
138 449
124 514
74 922
642 211
721 275
239 989
872 673
600 214
880 268
949 627
971 386
345 863
419 812
598 289
997 560
166 403
59 277
380 332
201 855
96 344
605 450
237 54
806 211
759 99
630 214
134 572
254 866
469 525
111 817
161 409
413 630
124 527
418 745
671 925
490 584
90 650
76 715
62 817
93 130
318 514
629 635
390 124
945 346
143 890
463 114
523 882
499 296
672 453
383 350
159 871
28 122
649 469
76 836
580 635
814 573
733 877
874 587
87 702
37 881
238 117
436 361
126 549
267 296
962 821
905 58
772 697
983 880
273 195
256 551
820 593
311 487
814 815
5 380
627 171
835 349
885 695
326 997
620 949
241 364
582 428
619 724
741 421
273 87
770 893
663 767
580 769
616 426
29 895
406 616
142 543
324 254
862 603
163 831
956 467
218 272
923 290
61 554
653 200
732 493
148 213
304 726
132 205
832 845
274 783
730 834
637 606
692 542
3 734
572 891
553 612
919 706
353 29
93 627
10 858
564 249
244 796
388 23
333 87
18 978
577 676
398 216
193 979
879 260
469 96
629 85
166 95
941 320
531 193
357 794
868 781
49 678
695 35
626 201
581 953
163 965
259 673
851 319
823 486
601 373
656 80
28 511
513 260
721 438
432 335
339 107
504 440
46 794
891 620
338 673
355 88
434 381
637 969
155 737
282 512
805 553
306 869
593 145
846 325
510 376
586 923
771 151
642 37
413 214
951 792
784 386
816 567
202 933
695 277
645 685
680 679
152 294
482 169
437 921
570 807
743 964
927 556
27 528
355 330
797 446
76 649
329 866
332 346
965 30
409 566
786 287
918 443
610 327
221 515
205 507
97 479
5 890
770 693
584 274
420 351
492 456
156 241
548 765
138 638
358 870
69 767
788 454
989 215
22 426
438 341
672 279
167 521
897 397
855 629
736 937
151 18
106 770
6 832
634 926
4 530
224 762
312 646
69 888
986 331
509 931
891 996
113 931
130 346
300 757
539 810
16 769
236 772
184 582
192 177
841 357
307 652
334 526
162 419
854 3
695 653
221 999
333 8
18 670
17 711
838 180
540 486
553 196
773 465
184 824
79 542
671 188
583 75
803 307
462 14
648 958
166 955
790 782
81 93
163 886
889 761
196 834
989 470
166 137
369 725
498 381
358 78
869 819
258 894
633 17
800 948
910 820
860 999
552 846
900 132
289 207
211 553
739 709
183 491
544 204
636 436
166 258
677 999
355 948
489 948
508 961
124 32
822 828
959 833
123 332
637 553
714 248
604 376
325 961
72 744
581 887
567 723
283 964
195 851
377 333
743 656
197 631
348 800
511 269
731 309
240 220
515 159
575 964
179 964
284 263
280 787
10 926
743 548
564 317
605 89
999 208
82 802
291 387
131 169
241 566
141 628
149 977
395 215
940 15
320 41
437 626
432 282
960 667
881 374
591 46
439 672
341 100
761 457
174 926
571 562
175 333
273 639
312 567
212 629
804 275
418 505
201 736
196 392
412 919
830 678
947 31
985 323
935 731
379 513
236 693
649 108
728 401
332 401
38 220
473 111
929 162
189 352
505 100
78 521
670 167
697 270
592 742
413 511
500 924
407 696
300 570
374 519
333 518
415 62
948 791
965 206
81 940
676 103
376 336
988 863
661 468
416 408
44 765
508 640
195 180
425 871
415 183
561 237
81 832
925 928
147 368
799 294
312 701
895 527
757 822
204 350
816 877
489 519
654 815
0 62
43 661
979 117
404 411
13 1
736 884
390 476
345 999
683 469
886 828
366 533
691 589
911 858
66 766
990 922
107 309
919 224
528 302
700 823
772 928
934 761
65 312
352 76
307 599
687 66
731 109
755 466
746 417
162 366
690 256
54 540
702 990
45 720
697 646
12 543
432 900
917 649
722 410
331 259
966 541
313 656
459 710
610 879
524 839
50 956
77 793
39 272
228 962
565 318
470 724
229 369
285 678
109 489
133 846
714 74
626 190
991 611
601 133
570 783
391 552
565 439
212 321
74 616
234 605
909 249
633 85
132 557
32 619
63 723
335 162
288 841
935 423
370 614
45 854
260 742
871 667
576 719
483 262
292 731
75 962
774 734
785 75
513 141
862 29
927 424
354 791
882 910
16 503
86 747
404 90
581 955
231 576
413 324
900 671
124 221
807 214
793 316
154 329
517 152
539 665
921 730
379 447
448 52
847 552
525 501
98 168
521 796
987 37
959 204
69 406
867 386
927 437
213 801
777 843
730 273
974 862
771 45
482 171
666 517
592 568
135 63
668 563
976 679
925 862
213 104
204 284
352 936
267 340
998 559
329 989
401 340
925 983
794 271
518 861
375 58
550 813
682 703
840 94
993 336
993 107
833 872
357 125
73 366
499 703
55 955
13 995
779 528
897 749
314 428
878 470
687 939
607 421
543 931
82 307
312 769
83 946
967 175
12 477
344 950
3 657
667 179
388 764
85 955
350 243
928 183
597 349
132 249
944 164
555 123
777 990
770 11
49 251
18 901
668 0
959 472
196 944
289 906
273 373
591 948
300 772
336 429
465 85
814 993
728 953
932 194
774 547
56 496
364 383
400 77
317 308
575 832
680 131
878 604
459 886
321 427
935 357
434 75
164 214
580 129
439 190
633 958
777 185
204 552
918 124
567 604
615 86
575 724
561 789
198 737
676 776
963 540
357 730
467 373
971 135
269 617
563 835
976 250
943 73
72 746
669 736
442 316
851 255
675 258
657 389
679 902
569 276
457 35
192 555
935 599
49 506
439 661
164 456
300 88
35 571
408 853
356 397
538 145
507 566
649 915
504 268
55 176
896 792
192 676
407 564
168 53
990 656
907 392
31 987
304 328
796 790
493 789
861 919
456 870
788 148
321 682
585 499
781 145
213 856
202 172
147 236
787 862
854 623
771 100
215 636
378 105
182 230
966 275
338 743
943 328
67 923
795 164
982 27
202 293
887 167
670 398
697 272
570 985
306 121
581 97
402 583
880 393
591 290
718 331
384 980
322 102
594 524
136 878
420 408
0 51
456 65
165 118
734 46
376 338
532 814
535 102
996 460
595 116
264 245
338 985
608 580
869 621
24 300
406 365
887 409
58 298
668 752
673 830
905 170
712 529
82 362
739 403
959 635
959 406
733 63
226 3
534 119
597 404
148 312
626 876
817 178
963 232
524 828
803 14
407 14
49 306
689 932
548 956
844 52
866 299
155 473
210 897
17 768
402 838
204 365
130 416
66 660
635 817
728 779
160 258
729 186
412 250
334 596
442 358
81 150
669 549
287 255
815 603
359 360
823 235
548 30
410 554
178 433
128 841
269 551
940 527
632 374
213 427
226 366
966 893
107 674
52 738
102 330
900 310
886 146
550 197
44 96
200 84
202 682
771 839
141 443
39 395
204 728
446 490
625 721
776 661
643 775
495 382
734 664
252 624
355 79
314 41
632 387
29 323
493 723
965 947
979 616
10 983
294 513
500 618
467 441
809 141
2 341
199 626
276 92
410 809
931 23
253 862
209 267
421 446
503 219
682 450
95 919
556 82
888 555
26 819
650 912
533 98
478 162
617 735
144 811
395 393
18 406
69 637
526 324
550 681
994 200
718 265
254 804
312 745
969 786
876 558
177 291
619 407
586 1
90 817
153 873
824 812
968 268
92 863
431 63
768 917
460 801
972 158
339 245
177 183
801 276
30 658
286 584
451 163
530 981
700 638
385 68
345 935
620 874
224 645
945 176
485 686
41 938
719 587
884 166
999 641
534 53
787 233
410 246
401 692
855 633
165 186
478 646
92 876
534 992
546 63
766 295
824 236
325 589
479 238
947 343
341 533
69 74
644 305
437 241
993 459
514 232
82 538
290 716
758 592
665 364
150 184
871 469
298 836
34 238
34 9
488 179
648 131
470 539
38 653
79 654
19 374
998 695
814 874
901 762
863 241
338 127
771 652
711 372
664 297
433 364
443 823
823 290
608 890
160 205
115 957
388 69
987 657
305 300
766 429
530 418
678 316
461 547
917 598
177 788
543 357
667 652
259 598
204 662
166 141
498 614
314 793
41 146
486 496
940 703
122 219
153 323
755 657
612 83
144 503
586 848
37 377
284 254
776 716
148 393
165 791
748 883
779 196
944 529
503 32
324 555
843 891
538 255
483 319
538 26
493 778
686 678
807 150
789 547
603 91
665 740
16 560
150 560
274 855
112 268
781 134
42 963
135 925
518 434
36 394
891 908
600 207
894 196
627 835
489 376
589 85
965 76
395 448
307 335
422 93
330 504
536 572
966 156
322 91
833 795
924 159
695 336
958 975
712 276
524 225
491 48
831 907
393 681
589 327
552 408
465 934
637 223
540 290
743 915
600 341
994 497
858 636
498 64
816 639
723 448
845 108
943 680
864 158
681 680
43 423
915 618
459 338
230 515
419 939
152 824
477 126
931 333
320 408
301 166
581 220
173 883
990 913
291 875
511 878
910 395
583 0
593 688
970 180
288 577
847 46
21 4
408 413
769 392
153 123
774 470
889 457
209 698
773 511
603 359
778 589
382 360
473 478
20 947
990 216
376 582
78 888
458 355
279 649
912 296
806 809
572 642
718 696
76 963
666 11
720 476
54 652
954 414
106 842
467 67
618 465
21 246
994 981
958 304
168 902
586 661
130 418
689 116
438 534
465 142
284 67
588 707
60 322
813 825
307 953
200 73
486 201
21 367
222 91
991 602
989 758
442 131
497 67
488 247
644 723
998 992
900 420
251 11
509 306
992 948
357 437
265 848
29 83
655 774
464 11
466 609
89 851
966 666
126 918
234 488
46 437
519 849
839 73
374 202
178 327
608 140
183 671
305 368
711 790
360 38
12 789
898 653
631 538
860 132
510 248
988 546
759 723
597 661
354 903
416 91
531 78
443 194
174 972
29 325
727 892
152 395
61 802
699 793
52 982
977 249
416 441
872 492
528 682
305 610
902 371
164 405
783 908
819 602
800 323
264 986
147 172
212 567
826 726
793 549
399 164
46 800
177 51
300 387
472 908
38 387
171 687
964 552
688 159
294 757
682 573
489 444
382 52
313 218
920 630
426 95
409 451
259 921
6 704
238 44
721 686
143 709
757 868
113 803
751 565
618 975
396 108
621 455
695 404
53 937
87 521
433 929
940 208
451 983
444 4
955 745
554 401
569 938
911 675
398 827
131 712
208 932
844 96
395 529
606 978
623 127
110 545
177 306
154 588
570 237
377 71
762 178
221 992
82 419
689 868
959 692
687 4
764 224
442 173
569 951
162 304
470 420
822 579
115 717
712 707
230 704
579 592
697 584
821 879
857 307
760 869
865 168
834 818
108 714
619 664
168 728
61 602
181 667
234 530
919 404
580 938
881 112
376 879
118 89
233 76
422 766
381 728
100 715
733 133
689 63
763 12
997 179
952 702
592 130
473 667
275 194
528 374
478 782
464 884
863 593
550 133
118 210
49 376
85 33
702 941
75 779
759 657
437 606
228 203
753 842
935 590
594 31
898 708
282 439
26 513
447 543
455 367
892 893
499 144
910 947
776 718
872 426
149 31
168 44
154 146
627 595
351 431
444 622
392 203
409 143
479 616
702 136
430 431
270 213
825 206
329 793
520 95
645 504
956 891
712 36
987 204
262 968
515 394
977 196
738 439
473 922
600 209
316 450
829 32
746 34
947 24
756 493
866 853
475 968
585 611
351 444
86 927
791 679
39 815
390 106
653 974
436 222
959 263
675 504
656 262
97 527
790 225
144 50
908 217
686 104
313 273
93 4
736 864
851 622
284 740
143 764
265 232
956 86
130 273
89 6
415 405
948 676
676 217
571 689
483 805
328 931
651 389
782 872
190 997
738 802
237 520
228 700
345 53
283 407
350 168
324 933
566 695
81 946
798 35
376 571
486 177
871 284
229 817
652 920
991 349
261 769
112 646
869 625
234 114
845 2
846 870
592 990
199 241
923 43
314 716
768 169
728 999
616 300
951 290
385 367
739 636
367 764
866 182
707 832
867 821
297 934
810 287
364 200
708 10
680 177
126 557
113 66
734 642
99 131
538 767
664 354
91 721
208 74
600 827
323 24
667 588
507 370
488 128
961 577
195 778
97 206
570 655
23 257
405 359
346 947
700 950
486 432
744 956
976 296
177 845
254 311
441 137
212 314
195 670
435 93
197 679
389 886
733 430
222 214
717 422
273 445
441 258
78 206
327 910
707 148
211 735
412 725
579 902
696 255
940 881
916 258
958 669
920 148
703 379
548 276
749 266
396 902
388 260
467 553
692 900
866 787
141 797
609 902
640 215
149 917
221 268
424 856
78 219
210 338
418 553
196 211
225 912
481 572
338 789
678 857
815 862
992 266
220 918
523 690
237 333
660 961
467 795
219 693
417 974
107 223
439 733
511 572
184 214
865 841
982 194
405 856
55 706
108 340
462 572
995 806
888 680
351 741
267 104
282 641
254 808
937 801
758 341
534 862
238 46
143 940
523 932
187 754
873 35
322 161
597 100
819 967
184 456
423 701
786 524
843 506
67 56
153 59
509 926
433 113
80 483
503 586
635 742
248 67
112 472
640 591
318 577
748 390
373 476
488 988
661 879
403 126
127 945
316 881
218 80
116 298
56 18
682 709
630 519
401 696
157 70
93 314
795 586
459 637
505 524
288 526
301 465
788 583
645 9
777 165
873 627
732 651
498 484
489 701
960 286
690 425
924 363
927 109
982 570
249 948
142 822
827 696
785 928
486 137
697 815
816 12
950 766
383 884
166 132
383 655
344 138
542 419
930 235
973 871
539 121
962 187
879 189
834 941
892 653
504 19
552 962
244 846
211 669
266 376
173 148
236 204
442 538
628 728
176 833
553 554
737 900
807 141
151 510
784 194
51 572
725 782
329 782
742 197
871 836
499 964
958 724
834 954
234 666
148 626
707 95
187 554
35 685
448 100
511 385
860 310
875 847
804 378
658 849
17 264
481 627
632 796
563 962
244 162
693 25
851 611
378 916
942 729
188 38
587 501
389 28
152 344
191 272
215 400
994 367
975 88
677 431
195 162
998 257
29 395
323 347
560 31
565 863
697 265
655 39
335 586
911 490
520 339
800 622
392 568
82 342
629 740
660 90
558 42
372 855
606 793
243 704
141 168
876 388
738 912
196 629
669 58
834 391
553 112
412 927
787 50
262 165
33 342
673 702
566 576
970 400
428 871
409 629
156 183
629 632
92 693
95 173
298 761
790 469
862 574
583 930
209 689
949 987
61 296
737 579
883 633
704 402
222 658
516 876
84 465
371 458
660 332
557 648
412 1
212 879
427 767
334 576
806 571
369 533
71 876
907 882
289 15
803 236
1 551
830 110
381 772
150 122
922 867
989 399
66 882
116 245
363 351
537 9
944 104
32 251
715 244
725 703
632 246
585 171
480 643
180 122
434 941
927 56
951 413
944 225
151 323
192 361
128 834
288 823
959 762
967 357
678 254
26 328
925 360
88 654
895 188
649 721
927 177
41 84
569 203
651 767
365 144
64 970
315 552
764 415
469 201
204 721
691 839
152 265
811 904
298 90
671 601
867 247
495 375
393 364
40 734
871 891
912 663
645 319
361 560
39 509
512 958
288 18
368 950
229 377
79 847
668 424
76 512
945 961
976 311
635 18
227 681
579 86
524 150
859 894
195 914
933 843
752 14
740 448
946 782
941 438
177 42
27 512
333 555
457 96
761 736
439 722
458 735
907 561
850 27
562 563
842 846
680 555
224 275
124 337
523 571
380 34
294 748
877 840
806 142
217 501
134 732
120 568
404 98
634 789
675 561
618 27
284 676
642 155
652 843
535 29
504 679
58 104
75 273
522 733
947 202
369 225
542 153
838 969
951 92
243 530
284 568
289 875
658 220
264 64
489 448
33 168
822 328
767 392
266 110
119 585
587 690
945 169
215 818
994 556
316 641
913 631
80 364
374 582
754 49
645 816
426 220
357 120
546 56
26 249
886 878
316 991
834 459
488 51
655 228
498 473
42 230
503 588
453 996
52 652
253 413
225 580
285 365
240 888
651 459
865 159
8 996
777 46
176 580
85 721
396 354
518 51
299 650
435 16
385 424
290 601
632 301
408 822
513 875
153 74
889 637
543 0
135 434
420 832
115 950
772 991
906 991
352 368
491 712
949 129
274 485
967 412
628 717
134 182
941 948
37 249
4 72
933 535
451 532
802 52
377 317
127 142
244 727
101 907
579 946
935 352
971 9
172 558
973 55
326 244
708 309
644 782
489 945
647 299
779 189
151 620
541 546
66 24
546 661
147 915
871 946
420 27
540 846
953 261
180 311
629 137
768 710
474 263
960 651
380 76
896 895
852 825
389 835
580 137
549 787
562 726
488 548
395 91
837 436
732 908
358 438
831 887
13 440
765 38
700 323
222 284
958 847
227 628
920 326
758 264
947 954
537 790
165 918
55 292
163 320
490 449
663 148
217 327
260 926
984 203
48 518
361 749
813 321
507 803
656 374
694 629
563 146
69 806
231 639
293 56
504 734
93 934
932 686
674 916
44 749
806 318
572 151
570 41
943 552
117 739
905 31
296 741
934 732
596 444
780 36
205 559
329 100
945 103
587 395
308 980
301 38
908 450
949 976
484 388
300 567
957 571
864 151
258 570
604 978
93 8
585 736
717 855
868 270
997 909
935 31
491 283
679 105
157 932
532 809
597 975
755 329
168 532
641 981
319 701
914 93
35 942
635 449
332 640
915 732
165 5
997 801
205 572
413 750
967 104
243 827
67 113
636 4
429 694
391 173
855 802
905 165
109 460
885 452
711 528
23 945
389 285
917 633
282 122
139 73
3 478
13 937
942 168
9 229
117 994
148 307
253 360
607 592
271 414
329 355
747 114
296 178
213 409
867 933
34 178
650 181
540 538
837 7
424 363
709 990
243 22
738 1
101 841
985 107
513 822
843 697
912 302
409 176
870 305
171 533
553 598
229 245
148 549
96 130
270 17
330 68
10 615
963 240
770 74
598 785
361 549
903 603
194 143
287 371
474 426
469 82
881 292
532 138
578 254
257 842
536 28
756 297
337 313
827 177
199 608
364 675
726 539
688 18
373 909
951 657
113 312
839 187
930 305
314 36
355 74
370 382
122 280
684 20
656 187
119 211
17 200
848 128
719 206
643 891
836 791
682 324
117 552
967 722
244 98
829 788
636 622
59 318
334 257
620 385
399 386
743 950
46 793
237 95
720 966
255 903
15 396
772 375
870 910
130 908
276 208
400 503
735 722
132 688
112 221
678 861
743 24
552 456
464 609
882 102
832 510
909 501
480 95
495 861
140 404
847 791
16 634
791 859
426 209
211 55
529 630
651 327
78 694
339 469
110 646
248 876
162 284
150 984
115 697
643 99
216 520
818 854
174 523
587 692
86 410
947 446
56 9
195 353
468 448
2 712
874 641
860 743
557 934
175 869
165 181
51 308
758 695
548 885
950 865
231 949
480 687
912 115
683 292
316 764
569 944
932 996
606 45
759 287
371 407
882 357
701 282
818 867
193 549
12 474
824 352
96 882
856 341
517 875
713 521
228 772
878 359
167 533
43 955
984 755
886 183
954 583
393 58
940 456
766 532
64 785
134 292
685 580
826 290
666 72
270 72
757 419
29 949
509 354
511 952
863 586
334 996
995 247
907 134
295 775
768 470
138 303
914 524
690 779
537 308
528 717
196 15
280 652
784 414
316 80
142 947
789 529
825 186
930 239
489 8
463 773
658 948
429 896
205 185
102 501
532 85
476 190
627 588
403 843
477 792
731 416
106 98
498 851
59 23
0 611
671 550
239 856
3 91
5 689
344 155
803 669
627 709
257 910
780 951
952 11
967 777
871 840
898 943
594 37
595 905
153 560
92 550
854 607
551 835
991 87
597 722
788 24
251 314
970 967
641 728
355 142
663 258
11 332
274 971
315 972
860 543
445 35
303 625
363 676
292 207
985 659
149 158
797 608
623 980
404 384
557 626
218 931
290 282
730 554
551 848
380 441
624 801
32 926
715 919
393 676
401 500
370 921
965 313
905 33
557 747
808 100
109 99
554 449
31 179
862 336
540 285
495 808
259 43
204 107
462 631
11 695
355 276
62 926
709 508
957 344
136 875
184 394
280 102
822 156
636 932
111 818
706 210
515 642
303 988
215 875
941 750
55 657
35 944
993 159
497 975
46 56
593 454
206 8
510 685
854 983
480 513
344 881
764 43
141 64
787 175
520 814
881 39
645 994
662 409
473 244
271 524
252 245
579 411
491 527
651 516
425 173
405 460
658 640
462 765
262 411
497 988
934 989
473 365
421 175
803 240
887 648
890 919
515 776
958 528
731 108
732 710
66 886
732 481
415 774
883 879
547 930
492 994
877 576
607 715
453 248
436 604
174 604
915 50
177 609
923 399
264 497
787 538
451 589
754 361
201 185
813 941
794 699
436 954
585 525
339 792
34 422
785 61
265 25
325 76
313 776
897 238
926 710
659 595
342 659
203 86
221 369
713 831
152 269
146 720
765 203
839 189
178 672
295 25
577 677
136 446
654 143
423 210
359 720
524 262
111 618
487 905
91 151
292 141
473 970
743 831
522 603
241 849
342 672
767 141
299 36
218 865
975 844
221 382
278 916
977 136
719 329
514 900
27 516
462 444
407 508
176 87
613 842
319 395
816 447
943 488
640 450
122 753
208 793
428 567
763 786
422 264
871 90
463 36
220 803
853 450
889 144
228 627
696 503
90 922
849 745
869 431
748 141
887 219
706 144
28 983
697 324
955 848
592 796
996 620
867 735
898 85
707 517
333 801
873 257
625 155
878 335
262 103
281 116
355 331
341 167
872 32
731 847
340 696
450 339
867 856
414 93
108 575
438 221
691 401
947 327
630 391
654 748
0 224
478 522
120 814
165 62
808 168
832 525
582 579
884 163
806 738
864 679
71 814
733 933
337 933
872 45
879 987
13 55
973 851
868 569
307 761
539 101
269 240
427 826
577 127
174 417
89 538
433 348
930 925
782 7
181 541
360 772
594 710
957 762
709 926
203 825
748 396
87 879
803 66
615 998
816 5
945 644
852 453
124 946
554 759
936 861
254 238
273 251
825 993
737 880
773 574
933 526
666 182
387 767
327 487
10 780
564 171
830 290
895 944
442 181
736 133
629 7
754 416
826 292
998 813
831 636
795 713
258 774
5 328
742 298
857 544
705 941
689 408
880 942
152 203
754 537
881 349
358 79
984 770
896 886
257 899
161 962
389 826
7 495
81 444
58 955
361 727
567 603
381 147
152 324
9 541
135 680
105 20
456 735
564 534
591 142
692 719
461 786
846 368
53 503
763 599
639 829
364 624
708 434
74 791
597 832
432 270
225 960
619 325
710 480
605 198
149 147
118 568
352 506
949 496
849 558
799 966
167 201
141 966
136 622
189 219
791 553
101 106
648 504
670 263
441 440
620 442
817 956
113 611
875 143
591 384
379 501
356 746
392 440
879 558
887 382
391 969
876 489
201 616
438 263
297 324
90 748
673 803
800 386
590 805
712 502
400 681
144 166
913 677
677 666
223 230
352 869
787 43
398 985
179 160
79 222
230 620
244 289
51 123
221 800
147 356
491 166
298 525
977 554
788 389
829 390
971 739
527 762
699 51
891 221
836 285
593 564
920 693
357 287
782 988
835 97
964 736
381 415
329 225
587 749
667 220
80 423
759 452
470 349
960 213
175 926
239 187
836 177
631 977
145 0
656 741
744 588
21 230
446 931
793 975
442 223
805 46
834 518
11 939
424 354
947 395
969 154
952 739
267 407
411 829
395 821
701 339
949 175
510 808
4 936
398 72
263 113
619 714
42 410
143 196
831 570
146 467
767 814
266 303
290 660
407 13
235 724
35 370
408 652
659 234
7 308
796 239
924 653
533 768
271 768
104 362
496 886
609 763
861 718
195 894
615 19
401 999
513 8
974 366
19 668
290 902
355 65
954 653
637 717
857 720
86 614
516 427
939 530
915 173
180 249
904 14
537 486
740 320
602 881
578 258
762 604
189 971
247 424
32 499
101 858
902 584
613 481
683 954
265 966
915 294
282 381
581 943
483 142
648 438
176 894
47 743
955 595
633 315
762 954
220 671
848 240
242 201
269 792
575 81
650 898
521 784
706 12
42 786
157 736
97 456
174 151
518 486
545 323
517 261
250 671
286 99
327 100
750 728
172 751
744 388
782 680
768 782
248 975
509 787
435 572
760 140
751 320
682 449
401 436
79 156
631 669
674 36
158 974
268 580
992 611
642 498
831 959
853 452
204 272
586 337
44 808
453 747
792 213
346 621
373 229
997 847
378 51
333 803
467 803
116 51
219 930
319 639
230 567
194 873
519 404
101 416
82 174
725 509
587 804
752 383
3 524
163 513
199 170
452 350
149 578
889 388
25 808
38 747
632 991
599 814
924 345
393 157
290 473
111 996
49 118
155 514
96 873
70 177
763 104
658 347
742 984
217 870
673 884
294 299
104 175
491 584
250 229
995 117
358 994
444 14
573 653
172 309
53 358
488 57
567 350
99 999
639 455
498 479
896 754
435 130
932 182
791 997
712 704
62 299
716 823
265 887
279 822
91 771
265 658
53 479
342 353
705 930
567 471
811 831
850 759
506 720
189 784
999 64
156 607
985 166
921 181
110 905
194 310
232 602
447 527
328 310
240 197
212 364
430 65
160 204
471 66
189 905
767 882
371 653
44 258
849 426
747 644
787 716
732 780
97 269
386 143
14 500
671 770
932 545
297 71
151 505
489 241
269 497
271 18
777 415
689 531
572 949
873 877
16 438
580 480
874 203
175 431
669 737
204 903
97 511
504 606
426 952
665 968
122 460
249 501
459 82
557 388
510 542
684 200
625 788
790 101
715 681
197 755
508 617
556 136
198 162
731 662
925 676
432 743
955 555
31 170
807 391
399 337
517 558
481 635
387 448
43 409
208 742
939 961
404 388
511 514
323 463
679 98
37 860
18 352
114 289
408 278
8 573
600 219
438 157
517 450
420 517
693 383
736 982
445 281
381 525
999 803
443 622
171 163
462 635
741 50
83 50
594 754
24 638
786 695
450 746
918 851
180 922
885 445
871 510
716 636
783 397
292 574
39 128
947 505
759 454
336 122
363 225
275 112
700 813
435 64
27 10
477 246
380 808
7 68
810 392
75 468
782 64
952 741
695 590
495 236
87 936
486 187
945 472
26 431
604 179
89 487
460 400
9 235
993 634
322 466
248 251
275 354
757 128
13 125
794 690
49 536
44 192
709 57
618 464
222 198
419 483
42 533
245 367
66 890
38 828
776 757
275 475
308 423
472 760
577 547
370 483
661 955
414 526
139 321
772 5
395 18
152 31
358 365
96 136
519 727
329 832
972 938
869 59
948 352
978 194
463 14
50 370
790 143
220 552
132 668
803 607
646 660
299 27
782 440
33 847
69 504
270 494
583 725
435 332
944 475
732 30
314 42
365 502
883 199
576 951
172 861
103 273
158 963
177 976
120 442
395 381
135 979
229 843
759 843
573 387
905 897
294 972
96 499
788 312
187 617
421 555
820 35
830 723
514 194
364 923
744 390
615 505
477 46
592 787
770 793
586 218
314 284
644 159
296 910
934 672
794 369
610 548
524 508
923 779
185 813
56 928
54 101
845 859
251 386
454 974
22 297
894 492
44 810
393 964
776 207
198 230
222 816
331 988
446 975
587 685
521 331
75 510
242 687
517 626
424 169
570 223
281 120
451 43
81 998
695 632
953 927
495 49
734 331
813 624
106 762
87 749
128 521
288 510
620 983
577 118
783 452
683 514
196 692
777 149
677 736
825 634
434 749
46 344
781 564
762 285
885 621
983 927
733 227
315 239
86 416
790 532
865 154
342 113
689 157
806 742
143 132
38 641
179 580
514 570
934 927
951 342
990 41
100 701
609 578
678 183
125 236
185 250
173 950
56 365
675 114
171 352
229 64
561 537
8 65
963 517
524 884
670 709
274 709
458 301
263 62
595 535
755 524
359 524
358 299
0 591
98 897
421 355
462 127
790 895
62 193
585 234
153 311
750 301
89 784
359 416
567 594
295 889
23 430
964 230
56 378
859 702
317 419
900 245
817 705
941 17
261 258
852 699
654 189
141 607
535 763
43 35
631 471
265 902
144 841
571 191
717 245
171 715
479 831
823 641
955 531
802 60
358 312
330 250
911 232
174 905
824 492
271 20
727 825
455 366
671 664
674 898
574 731
604 839
594 151
172 916
827 359
767 79
901 308
548 449
88 959
609 136
239 862
397 253
657 621
619 329
489 256
63 84
128 213
386 508
606 777
102 749
237 385
75 323
949 850
995 966
360 226
198 393
907 624
139 752
610 603
254 739
610 374
763 616
596 210
854 734
950 442
834 496
352 752
933 209
878 273
864 375
107 167
748 200
478 339
505 213
389 267
740 982
764 144
315 52
91 573
733 40
91 344
182 462
569 871
144 170
365 812
511 866
370 927
500 219
684 794
887 399
185 881
730 681
716 746
871 391
105 629
141 286
908 458
584 563
434 804
24 640
798 34
404 632
729 163
371 455
252 238
887 520
305 101
656 624
40 355
866 168
857 348
270 817
356 66
232 525
180 106
553 351
553 122
420 990
644 240
76 951
318 979
215 63
979 230
712 640
911 32
885 797
978 759
513 925
236 122
838 456
134 111
194 125
237 761
283 648
914 222
611 413
112 766
230 758
238 353
389 522
862 934
800 56
53 536
213 296
517 936
262 417
468 522
836 652
868 870
577 428
217 122
477 490
659 467
48 313
903 827
669 660
512 942
572 993
906 115
422 2
372 410
601 4
864 872
143 321
271 772
324 598
995 537
687 421
403 662
274 777
310 205
581 934
903 719
918 290
959 62
909 241
470 837
704 775
129 544
196 305
454 600
407 488
343 998
489 69
241 721
678 493
722 765
634 652
413 424
143 563
339 209
234 718
922 72
463 955
967 717
893 539
750 719
763 658
245 732
578 612
652 598
394 37
775 897
910 304
225 201
805 547
607 37
689 601
904 489
169 40
726 897
17 437
831 950
891 964
765 330
536 507
737 497
761 625
306 984
799 328
417 34
157 861
174 276
229 966
136 923
556 85
294 48
53 925
299 163
851 905
156 114
651 322
95 104
461 161
600 505
158 160
834 443
765 572
383 278
322 268
910 438
225 335
385 287
912 218
344 929
521 333
965 495
318 913
65 467
263 748
294 61
321 164
715 54
92 866
477 182
683 287
359 163
639 446
80 711
787 344
56 125
553 406
262 230
565 2
401 574
845 56
151 133
637 521
716 814
664 395
394 534
898 333
442 282
994 795
557 3
52 541
303 123
423 942
321 406
440 357
739 690
618 400
945 529
136 131
337 121
576 403
134 58
796 406
696 993
331 306
190 367
102 254
451 408
387 652
822 809
249 947
376 988
968 634
651 927
971 114
907 358
399 891
538 3
400 298
474 247
937 8
419 311
312 185
685 696
878 596
358 72
822 930
330 239
715 309
40 665
246 999
337 134
72 617
538 124
268 263
70 773
557 366
223 786
171 596
446 306
532 309
745 602
108 247
505 886
38 188
869 116
117 252
43 37
340 489
293 148
928 430
979 661
472 830
943 415
852 822
475 835
796 661
992 307
73 266
441 433
647 309
303 499
289 564
96 435
22 220
321 782
435 389
159 491
952 127
897 191
186 328
585 599
621 256
43 279
406 102
180 550
959 22
262 848
482 97
862 89
130 140
13 558
536 562
429 436
635 541
26 985
533 264
172 810
703 446
601 664
97 636
325 500
848 541
798 720
407 798
140 454
250 851
236 916
506 511
593 436
139 754
730 670
9 910
384 33
339 519
46 977
903 103
858 855
424 334
828 683
384 972
631 849
188 508
312 803
515 637
45 688
437 983
857 108
958 160
187 808
644 229
580 739
874 920
216 691
285 296
935 149
367 631
413 976
766 111
196 978
430 916
683 342
595 229
605 688
875 283
625 337
314 475
881 34
363 108
693 737
533 519
789 445
385 355
830 217
818 917
863 165
835 332
362 637
45 701
475 514
105 752
530 221
153 234
196 870
650 286
493 568
999 928
911 852
873 560
374 876
966 522
446 227
556 624
47 252
740 179
275 345
960 219
781 742
832 936
852 622
152 948
35 134
926 571
688 928
994 971
562 294
763 284
443 868
326 54
699 299
740 300
864 632
148 425
619 10
445 648
247 175
858 63
544 361
697 640
664 463
457 887
295 825
966 764
262 419
671 587
397 55
868 872
701 466
35 605
329 594
834 995
279 184
933 708
526 61
215 199
343 879
324 600
902 348
678 603
673 259
222 323
134 476
287 718
213 540
3 959
875 888
686 723
689 469
606 700
391 775
380 128
523 436
421 425
527 326
120 433
218 739
887 80
284 541
148 909
0 782
251 135
211 965
136 791
957 260
184 81
662 83
560 72
216 262
992 254
312 495
862 144
545 437
760 362
863 783
333 554
966 201
153 852
454 26
172 865
263 495
538 434
414 893
684 488
942 783
768 896
162 39
24 334
442 847
180 847
472 201
264 989
155 265
652 842
573 512
416 794
457 566
223 170
420 684
831 26
657 102
511 573
533 332
10 291
593 383
240 753
837 743
823 845
725 273
152 869
207 576
876 671
623 225
475 98
719 687
806 612
352 930
616 222
247 96
821 856
609 448
903 400
834 566
512 515
699 341
112 581
202 474
353 872
650 112
562 228
443 802
283 584
890 30
446 53
974 172
93 423
621 808
24 589
679 520
885 625
293 713
361 359
956 276
6 131
154 820
952 800
955 280
812 231
588 752
41 125
712 818
151 256
288 756
482 770
623 480
774 649
452 598
429 880
718 754
675 118
107 600
666 298
745 591
602 808
55 144
817 467
662 593
154 123
674 418
577 485
351 408
403 598
315 485
177 780
428 133
997 519
837 301
298 252
124 136
977 52
289 432
258 890
767 996
481 373
632 542
731 521
645 252
376 64
975 652
276 126
498 727
675 360
960 758
528 606
113 364
552 963
462 252
407 316
481 265
866 830
81 789
678 779
535 996
387 78
874 425
703 314
708 429
23 555
372 480
14 735
298 265
91 201
922 129
710 704
335 561
775 833
696 311
252 563
919 60
360 96
53 848
232 850
73 268
455 370
601 424
499 376
581 186
220 732
784 774
242 491
486 851
178 735
682 268
943 538
272 370
558 727
781 476
684 543
171 732
881 828
876 484
348 99
182 561
564 663
421 843
121 322
866 964
659 671
817 25
800 381
982 358
665 156
458 92
983 731
812 849
77 171
391 38
286 510
179 384
165 220
662 272
879 795
510 669
835 200
721 852
549 102
559 561
405 94
659 913
222 875
338 40
615 806
343 384
261 988
273 59
961 433
331 0
498 177
186 814
621 742
277 703
953 986
352 59
959 737
482 583
370 113
989 616
89 588
925 106
801 336
634 159
470 465
644 352
308 403
184 633
225 634
710 154
684 690
799 640
95 524
463 691
477 360
425 170
628 758
442 339
394 591
153 236
680 167
360 714
406 830
643 285
407 237
862 817
270 942
956 452
636 245
419 476
875 527
135 717
419 247
395 119
685 632
767 930
619 12
393 460
436 830
904 935
389 755
511 186
326 406
790 15
495 363
476 121
911 278
183 771
651 876
324 481
57 137
654 127
260 725
833 358
356 433
208 306
376 119
964 60
391 427
769 50
690 723
729 422
247 419
241 833
29 425
447 938
276 302
78 317
262 892
372 535
947 766
0 892
19 905
251 245
17 78
638 425
311 30
913 364
82 961
658 74
800 423
287 841
920 488
703 490
212 667
152 387
615 148
303 556
196 430
232 87
989 66
476 713
49 905
350 79
665 908
923 651
997 600
331 739
749 498
642 372
14 803
339 334
504 667
58 92
705 428
672 251
407 734
547 256
868 311
340 680
935 72
739 197
694 912
694 683
933 965
530 23
950 380
647 608
289 863
812 904
275 736
605 611
839 549
151 929
388 613
66 333
186 398
874 735
984 378
877 252
698 775
111 978
91 511
908 504
168 465
985 724
756 901
424 162
704 445
883 447
676 383
951 93
211 283
446 860
12 339
989 550
755 383
349 927
199 165
873 375
341 514
776 442
505 393
651 447
40 522
324 52
444 117
922 910
559 858
153 170
446 163
556 560
754 50
864 447
217 865
19 355
767 743
662 461
500 399
172 304
199 407
397 688
746 805
840 440
811 705
229 286
795 697
459 748
674 407
495 176
87 876
385 304
247 111
141 587
733 233
631 451
664 399
939 338
341 877
184 930
812 233
757 297
10 777
533 818
435 17
944 160
696 287
784 171
904 990
133 884
310 251
213 584
543 230
717 117
955 403
803 305
508 128
828 69
84 66
89 898
586 950
741 595
586 721
694 483
312 189
515 23
33 774
77 26
500 883
370 544
833 305
640 139
810 816
977 993
975 883
235 90
854 593
93 909
215 606
831 875
347 8
677 179
403 842
520 195
912 948
781 236
510 416
240 555
992 190
763 367
501 596
886 437
600 80
816 607
663 136
910 242
203 380
693 244
660 67
340 614
851 601
758 373
735 655
105 259
196 606
927 825
213 21
569 851
108 264
149 36
693 365
208 616
794 188
111 912
651 368
842 902
202 47
955 779
821 550
320 268
945 91
289 689
385 922
350 147
861 97
723 658
699 35
704 379
547 432
805 956
392 558
505 206
50 565
246 211
578 684
870 38
335 697
85 751
322 206
411 921
762 212
464 784
648 864
708 915
752 433
950 677
12 394
609 384
204 335
586 400
894 553
345 45
746 389
176 273
33 453
126 644
148 174
676 559
860 905
454 217
643 382
858 41
660 322
142 625
617 918
937 859
904 682
964 733
755 330
526 507
359 330
335 939
144 176
911 843
42 165
859 387
841 747
10 590
612 695
629 864
508 49
673 116
628 639
409 43
56 413
781 854
757 231
700 929
483 931
858 54
622 43
485 977
386 180
360 945
107 536
160 362
211 593
935 395
596 929
582 765
642 816
370 357
678 473
631 398
512 935
823 339
207 70
589 926
583 357
877 575
63 587
128 945
188 996
434 234
26 668
34 300
686 943
452 776
240 368
451 817
587 183
14 550
960 694
895 299
757 594
225 999
108 185
373 897
63 708
151 555
379 419
797 178
329 827
334 942
865 578
177 958
510 350
842 823
859 763
876 178
253 953
762 830
453 489
766 720
367 422
601 360
229 717
647 476
248 730
93 856
867 479
499 83
41 666
655 71
688 248
237 83
875 74
21 724
912 895
43 217
185 795
766 23
231 682
389 73
540 205
8 610
297 255
849 960
911 414
584 19
811 439
203 556
461 851
227 684
510 484
446 728
105 435
408 207
320 323
801 138
33 266
682 446
150 851
477 980
280 143
896 146
142 438
789 20
579 210
670 557
68 223
950 382
430 841
955 726
435 690
512 385
121 271
365 860
748 369
777 841
340 803
54 217
771 272
86 169
347 439
394 285
218 288
113 797
997 26
635 613
850 501
561 398
404 451
385 172
455 911
968 264
474 924
871 331
912 332
191 572
232 344
908 627
336 401
33 400
965 609
160 175
511 927
827 904
385 293
123 293
436 524
69 996
848 963
58 578
655 568
61 583
966 689
231 240
663 688
551 218
742 981
504 106
392 868
390 758
25 108
445 465
706 506
678 178
411 63
273 358
209 868
402 768
735 160
621 812
387 645
123 306
945 643
640 7
843 632
464 47
452 710
94 773
804 115
966 702
322 637
198 830
745 474
743 630
362 938
30 199
334 876
43 138
628 828
626 1
973 45
176 704
33 884
778 772
721 238
592 353
437 479
662 826
619 190
13 417
579 828
696 181
670 946
329 882
291 132
857 772
318 235
394 782
521 823
640 249
320 833
529 418
484 941
909 410
644 893
817 821
368 766
137 833
127 145
197 847
61 20
517 71
984 180
695 77
409 474
194 549
326 476
854 595
133 81
413 364
0 720
206 788
674 893
435 382
99 433
835 996
228 318
324 780
780 831
62 780
580 477
703 547
212 724
377 562
559 310
817 834
58 28
729 721
32 793
66 148
71 492
659 891
34 610
414 831
340 616
579 144
854 837
573 329
784 778
486 855
759 196
967 899
277 452
968 306
524 558
106 570
1 288
766 91
416 732
149 388
565 37
434 557
464 665
763 961
395 565
49 157
675 848
532 799
769 254
504 737
521 152
531 840
99 917
489 614
425 858
882 279
133 686
193 700
637 219
298 753
614 730
223 579
425 979
392 802
593 792
836 284
473 232
882 400
152 820
408 746
747 212
852 265
458 109
141 173
727 499
718 679
446 220
112 640
681 797
115 874
175 925
192 340
546 572
338 165
59 750
577 410
147 597
731 325
595 464
768 392
873 445
928 115
303 292
828 931
616 523
449 346
182 2
225 638
569 182
118 246
188 985
257 590
90 184
945 698
17 874
237 877
185 192
190 536
336 590
790 6
633 59
132 531
858 177
887 878
935 626
128 826
902 220
92 351
295 939
892 929
947 865
644 827
718 813
195 772
759 585
850 932
299 829
247 639
794 808
930 174
30 375
921 583
852 749
986 978
957 11
145 133
141 657
478 13
612 242
694 311
386 195
143 437
554 8
583 480
798 405
416 74
30 267
21 713
613 359
492 298
227 552
593 121
75 949
887 73
942 763
73 85
978 191
983 306
196 192
239 791
385 845
369 83
618 824
227 673
846 422
268 445
390 142
842 946
634 539
680 884
785 183
898 60
143 450
234 834
707 263
624 723
727 178
844 763
206 735
116 24
892 245
742 486
704 194
112 319
831 6
907 553
67 842
736 900
414 886
404 198
54 85
914 943
702 535
559 486
319 733
451 135
33 147
370 964
833 725
984 140
461 853
170 152
82 39
376 257
238 27
646 81
441 615
697 312
432 795
755 253
971 551
47 166
396 320
167 497
219 687
217 843
184 437
48 805
53 920
791 849
992 610
129 915
750 30
707 626
910 433
612 739
488 969
385 53
987 387
954 210
188 448
711 452
614 785
177 518
550 800
300 625
611 221
179 335
332 577
189 528
1 706
515 698
480 677
461 169
11 872
556 672
809 852
93 416
79 518
277 762
13 164
230 687
496 806
587 924
163 862
287 403
536 878
107 472
538 924
371 747
789 277
604 460
301 688
945 524
769 793
554 639
497 105
460 452
140 770
230 929
335 191
305 285
477 769
241 529
769 685
212 242
162 650
451 524
41 360
393 290
780 699
155 876
747 522
246 994
874 297
213 817
939 692
781 106
31 840
464 170
452 833
469 248
997 404
842 530
31 22
46 596
440 486
709 122
315 720
810 699
772 178
130 940
931 171
936 286
638 592
944 635
261 376
558 828
651 9
666 546
674 895
314 323
641 489
778 198
172 913
645 608
832 205
683 82
58 30
961 292
522 659
140 328
346 433
805 947
561 92
165 92
951 18
870 847
259 959
532 559
611 852
838 77
17 379
447 192
55 634
989 246
215 623
316 675
286 274
943 544
690 98
368 84
561 213
194 914
441 562
563 259
535 426
475 146
944 890
264 111
392 791
506 398
638 29
280 92
786 452
216 336
83 975
669 281
8 801
66 742
286 745
76 935
781 724
134 913
249 863
10 352
749 920
380 794
394 463
812 976
708 101
145 927
219 876
547 678
984 679
610 963
151 183
305 98
549 458
967 217
989 730
37 283
460 386
801 450
176 627
386 171
14 299
2 999
19 414
874 928
354 633
113 49
407 230
395 930
525 222
986 617
857 695
790 705
688 923
754 459
85 889
551 396
102 304
799 875
904 928
408 990
558 291
76 22
958 639
6 192
625 695
432 71
55 313
46 530
444 539
681 223
392 120
222 197
735 459
41 536
220 767
839 287
8 130
85 313
852 751
76 493
172 726
244 77
82 15
796 590
870 539
861 719
394 21
418 415
210 200
556 56
277 146
841 188
116 723
553 724
582 193
515 203
867 591
248 613
951 999
545 311
747 940
718 10
241 839
368 126
805 652
841 309
906 704
125 893
562 894
660 5
656 529
348 147
413 542
931 239
251 480
330 544
798 649
256 558
691 257
759 132
351 603
253 31
750 837
373 96
529 609
207 558
248 855
686 34
718 481
214 453
819 829
924 91
172 981
329 147
463 147
678 35
75 496
567 204
66 676
140 625
369 219
869 771
676 376
982 419
189 517
6 810
601 727
274 332
862 502
857 158
388 848
806 607
634 86
369 340
420 571
542 268
901 844
409 907
786 628
832 744
252 169
54 450
307 630
386 923
909 964
790 518
783 330
678 48
141 109
447 381
399 862
796 269
861 398
364 117
969 197
231 2
57 869
5 413
891 277
772 851
767 507
789 266
400 979
785 561
482 523
955 972
375 397
843 502
576 387
922 795
461 171
153 284
562 223
204 515
639 443
699 457
38 748
597 446
368 623
657 231
187 53
495 169
841 577
118 182
703 872
608 46
236 174
741 575
820 868
870 231
171 459
231 244
415 590
597 338
891 290
137 582
486 470
200 113
17 931
86 536
447 515
650 349
538 108
823 506
759 750
0 698
550 347
113 346
963 516
247 346
862 878
125 356
610 105
369 945
364 601
924 938
313 821
471 175
142 939
271 824
238 647
109 762
95 827
761 422
394 894
72 843
19 724
321 766
853 132
589 288
415 135
752 989
203 252
48 378
906 638
125 827
513 185
831 760
215 491
275 542
176 11
733 602
929 248
502 669
102 964
658 953
113 601
713 71
658 135
608 543
487 24
387 86
488 892
629 602
546 79
358 782
363 897
266 964
990 766
342 959
736 849
782 736
119 392
591 387
412 910
176 145
473 331
901 549
896 205
4 792
422 551
981 249
959 490
402 572
267 384
693 492
51 234
467 149
290 516
18 811
799 622
202 403
964 726
105 736
499 626
3 688
595 334
139 54
182 690
443 731
942 149
897 901
465 224
759 442
253 570
46 277
827 842
68 524
54 626
338 156
174 691
530 326
31 642
17 744
531 965
474 165
911 957
350 624
424 344
892 449
415 753
131 994
46 398
247 159
183 632
119 876
67 457
977 907
227 409
731 208
939 386
879 106
22 943
256 881
70 462
567 514
746 745
369 529
107 758
224 111
699 404
487 750
98 709
803 461
660 678
916 109
351 108
480 747
36 999
848 914
889 915
698 152
139 188
880 866
443 865
243 245
547 922
693 976
757 237
354 527
583 350
866 638
155 812
978 879
296 522
912 525
815 592
6 194
584 696
23 363
601 111
50 237
881 165
187 471
624 243
233 358
407 245
646 527
379 412
374 68
687 299
819 684
186 17
655 990
937 410
634 638
928 361
946 644
868 990
987 941
217 242
208 651
12 776
557 310
424 949
551 761
826 700
349 775
335 611
329 833
585 759
291 312
712 305
483 482
249 315
679 128
684 472
629 536
235 151
97 675
606 818
964 297
694 436
969 641
931 120
105 307
243 500
215 438
481 557
949 662
902 816
797 534
470 139
599 778
809 359
561 257
678 842
139 793
106 387
56 795
491 198
422 364
978 316
288 135
482 378
293 213
41 901
798 880
894 588
792 311
236 847
470 31
822 190
175 608
376 369
6 570
959 424
279 436
377 742
927 657
347 82
261 796
672 367
990 942
415 445
126 342
850 144
227 919
524 617
794 249
882 96
250 85
928 966
862 612
664 139
894 830
710 780
283 676
264 168
30 755
319 629
673 861
222 696
505 496
987 499
560 203
35 52
155 383
315 335
358 971
948 19
807 568
278 453
668 904
575 676
685 319
220 219
730 964
348 404
666 979
358 863
977 612
461 281
903 397
319 871
52 756
506 697
872 266
486 459
651 792
263 158
22 769
870 341
983 218
231 354
275 397
349 117
944 263
192 399
573 993
764 332
53 469
791 169
610 94
493 741
149 702
923 325
617 53
881 328
248 415
822 916
266 469
440 356
257 649
12 589
884 747
70 759
861 763
50 63
421 464
431 657
406 75
392 177
218 778
685 924
448 193
145 421
362 944
665 716
62 652
351 526
420 131
676 57
12 831
617 645
717 354
988 817
979 997
688 67
206 781
935 927
627 582
257 783
883 242
389 939
360 201
972 994
829 945
115 141
390 80
37 716
937 478
326 590
625 886
348 83
757 776
447 62
5 912
550 712
994 231
484 129
448 206
520 311
76 563
599 604
136 843
387 196
263 426
371 188
138 660
224 663
554 309
755 70
8 550
378 83
228 553
508 607
379 722
685 11
602 242
34 953
805 830
571 892
645 612
827 589
690 89
739 476
579 258
216 206
969 709
69 681
683 315
655 253
834 484
880 600
625 81
126 397
809 427
542 312
819 886
253 209
63 85
106 684
293 510
777 71
48 864
813 667
505 551
863 30
82 219
978 734
7 45
912 151
967 87
628 392
416 738
667 91
85 867
28 104
520 566
728 744
855 556
920 914
901 672
552 518
385 341
261 46
959 613
279 854
296 269
752 320
50 802
702 728
922 731
600 680
402 924
61 402
787 277
47 238
0 392
5 241
607 575
541 221
646 274
472 387
678 226
191 633
609 392
265 582
461 228
594 986
101 824
68 647
522 100
477 586
236 2
108 985
545 986
521 400
937 49
405 454
952 852
773 621
928 229
50 226
93 596
68 768
868 629
720 694
158 698
292 927
433 408
656 157
768 398
675 170
630 922
840 503
704 871
83 295
98 832
504 59
13 465
679 814
439 573
692 753
571 463
810 745
736 530
507 478
455 288
842 468
133 8
36 304
941 410
440 653
701 694
301 760
101 140
216 127
648 538
727 868
740 541
55 438
416 417
742 587
145 368
828 132
475 768
306 959
625 941
205 355
680 648
119 86
972 2
363 712
555 882
313 73
516 661
755 943
773 997
23 499
265 261
600 251
94 379
990 931
402 266
398 790
169 967
360 269
960 5
57 497
617 834
423 325
326 887
362 315
799 87
568 420
427 444
47 977
576 15
388 489
252 857
352 795
11 502
126 452
117 898
580 659
179 315
883 431
640 444
211 38
111 854
400 728
978 439
18 397
752 133
413 667
802 479
576 136
655 429
872 952
908 380
966 321
809 603
267 320
776 426
621 552
404 554
132 95
488 962
329 151
769 423
172 167
94 742
89 398
452 221
722 82
145 973
962 966
57 631
831 254
148 224
263 965
87 739
101 408
579 447
202 460
711 337
141 221
996 735
939 201
994 891
177 403
476 965
137 452
697 560
342 103
834 794
526 678
667 388
171 221
212 222
446 160
671 507
905 445
454 509
239 355
495 281
495 52
935 324
4 983
711 579
174 640
463 514
91 871
120 111
717 101
297 976
722 216
942 448
592 335
468 565
430 44
607 872
132 350
674 404
137 465
186 61
777 502
493 743
139 245
818 274
171 463
553 528
947 684
102 592
759 633
267 696
167 758
848 153
793 217
256 12
385 651
49 702
663 107
57 297
815 649
176 928
416 122
734 697
481 480
467 582
158 995
934 233
636 539
240 539
634 466
570 939
391 708
399 303
726 469
108 127
622 348
658 5
272 235
616 8
98 82
103 426
189 200
909 526
972 57
55 614
473 898
949 827
591 365
570 13
508 367
824 832
717 706
964 583
653 721
890 405
803 894
426 944
897 300
403 960
60 742
159 950
947 242
687 840
145 557
728 612
282 791
818 771
49 31
460 834
212 961
157 796
838 191
504 611
815 207
880 602
723 655
117 845
630 198
65 389
483 902
557 622
568 717
157 917
196 616
894 658
677 660
971 841
773 368
816 967
525 791
487 499
258 676
113 29
445 502
445 273
964 838
904 558
549 330
31 404
361 279
273 166
966 618
295 450
823 81
103 923
454 443
454 214
739 612
978 857
851 35
457 633
782 164
892 561
842 215
699 395
489 851
267 738
564 207
762 451
175 920
858 159
173 56
935 379
697 736
174 695
535 674
260 469
961 782
570 402
459 800
187 341
523 61
550 164
505 916
481 293
417 574
554 808
141 410
409 161
958 403
892 803
503 991
974 347
836 642
743 451
822 744
546 809
715 352
811 60
568 864
958 753
249 64
428 295
617 231
639 744
606 567
23 246
229 351
327 886
693 980
724 293
858 293
159 292
448 129
26 665
953 530
823 686
460 634
861 941
625 701
205 115
93 840
17 64
707 245
573 16
677 110
571 586
786 245
829 881
254 421
906 347
909 581
312 362
148 897
652 696
955 468
363 593
5 848
686 14
233 712
539 755
571 707
662 71
958 887
1 325
780 63
83 660
284 650
377 841
234 829
480 67
812 540
798 642
8 486
426 999
975 9
305 709
589 239
181 148
995 661
280 127
934 651
846 538
37 894
436 374
768 884
475 73
287 22
113 889
583 838
801 243
89 37
272 653
406 387
299 32
758 546
271 199
469 443
59 545
744 382
945 143
31 446
394 269
187 959
27 741
497 892
860 715
846 780
772 602
546 30
945 493
620 733
427 567
416 674
713 372
517 497
393 956
467 905
214 459
38 728
723 602
652 133
456 221
308 94
258 502
657 211
79 271
799 560
255 433
902 15
928 970
40 279
205 612
614 551
581 374
108 679
722 84
672 492
76 875
62 977
63 384
412 272
49 220
35 56
838 380
604 213
461 393
688 621
997 144
312 41
355 677
570 336
566 860
239 465
827 901
261 224
679 737
309 975
32 172
238 506
818 852
780 560
301 562
764 323
356 232
829 681
306 640
256 819
820 861
937 214
221 44
572 796
224 49
418 100
762 627
982 896
886 168
976 98
714 327
399 989
306 761
953 343
227 239
86 529
903 522
719 930
553 638
529 52
74 640
74 411
19 475
624 60
467 342
255 688
898 794
466 871
48 129
414 452
918 214
942 571
391 468
575 814
955 281
561 879
487 930
944 388
813 871
305 401
343 693
764 686
34 581
290 12
836 939
220 707
896 990
908 61
734 699
159 468
899 995
114 954
958 821
37 478
730 405
606 635
17 11
399 76
572 4
393 527
558 823
714 582
901 408
273 839
777 638
372 818
303 718
716 133
960 988
347 7
476 646
321 772
880 241
357 954
976 703
953 719
101 210
749 660
988 942
435 500
135 208
919 290
346 657
819 877
327 149
657 24
299 316
822 357
552 267
772 536
125 954
598 383
205 425
279 374
94 557
622 713
648 850
675 724
752 419
408 380
711 152
370 88
447 308
163 549
521 28
378 208
729 960
567 144
742 899
580 837
998 596
709 493
891 204
454 203
901 663
450 727
501 958
188 498
609 262
480 377
650 263
677 891
634 26
653 39
214 635
827 835
557 974
835 201
81 227
764 257
941 856
3 573
259 499
873 429
49 396
992 794
706 666
54 511
307 691
45 920
646 386
804 972
174 576
513 796
601 91
501 153
83 165
993 615
170 807
381 761
398 176
499 982
907 53
213 625
158 689
356 179
601 212
312 109
969 150
745 634
523 292
390 702
145 117
398 297
425 400
62 348
888 161
356 300
409 163
834 864
451 574
440 415
987 813
355 48
49 530
59 989
709 51
659 459
230 53
493 921
304 2
273 423
763 287
861 822
861 593
941 293
705 282
526 51
149 64
849 704
44 307
508 182
155 818
561 8
375 821
342 644
282 364
232 772
6 200
697 54
88 764
726 526
499 69
421 644
257 950
164 722
682 190
76 380
609 880
538 411
837 478
463 8
685 875
688 355
605 586
327 83
621 301
282 835
280 8
552 201
703 370
871 183
330 539
944 927
335 617
980 355
574 899
691 481
369 201
589 241
21 952
673 841
57 380
786 489
660 121
338 70
157 961
876 648
475 75
683 253
320 201
958 192
619 497
132 904
844 881
586 91
262 196
503 322
186 615
439 832
411 733
516 786
610 421
945 374
389 193
895 553
507 148
875 315
481 913
228 504
66 671
424 150
966 433
39 982
648 797
706 250
436 389
96 735
443 550
663 782
878 441
167 615
864 543
905 315
845 35
887 675
648 918
288 612
992 728
615 741
546 153
632 156
720 269
351 143
325 908
793 784
127 923
892 726
176 556
56 225
331 164
640 919
456 344
487 448
817 323
234 268
734 325
582 685
444 226
683 508
581 726
774 626
779 970
182 751
335 993
135 410
620 159
47 526
690 632
160 174
944 256
896 508
440 228
785 906
291 105
339 819
172 413
985 967
148 470
738 272
561 639
798 323
605 157
970 578
250 225
255 569
888 216
761 175
86 760
425 226
347 801
172 534
361 470
488 511
870 576
570 580
262 464
65 822
767 865
44 470
285 596
233 406
211 647
379 460
852 909
852 680
506 6
153 642
84 54
488 632
956 737
598 9
429 991
23 303
788 106
779 286
476 285
536 299
123 655
346 175
828 178
287 763
970 2
669 828
493 868
906 283
686 768
362 119
515 361
730 286
630 873
215 594
349 594
545 240
99 419
118 432
797 461
62 537
198 132
368 55
997 751
785 343
716 243
430 640
265 78
430 411
270 422
27 435
737 302
365 430
318 355
717 589
507 779
240 435
553 895
909 530
465 782
754 656
535 60
96 656
650 10
316 430
16 892
902 756
15 438
1 503
357 138
1 274
675 713
914 995
213 130
812 718
829 133
3 320
686 313
402 554
223 323
873 176
30 682
35 797
186 441
659 890
194 790
918 592
818 654
343 132
40 94
631 10
755 305
306 213
600 431
416 839
8 556
369 498
952 590
317 79
993 362
626 834
34 959
689 890
161 505
735 777
391 967
246 549
587 613
908 668
834 490
634 136
746 377
352 975
38 785
277 801
338 259
357 272
843 660
26 172
843 431
153 213
834 840
320 390
746 498
873 539
157 103
881 134
167 562
117 970
704 501
638 147
798 136
371 557
579 506
799 738
357 393
720 445
627 254
513 906
91 917
760 783
80 758
570 393
450 742
393 208
868 501
35 234
458 337
193 820
580 34
939 381
631 265
722 383
498 638
969 260
575 858
826 440
620 106
248 234
352 291
847 499
255 624
35 355
342 512
292 920
471 922
736 402
950 102
826 332
753 985
500 576
696 222
563 861
360 7
525 340
334 809
301 861
98 7
772 217
796 574
975 805
395 230
138 345
339 69
24 997
542 694
509 517
192 581
271 874
154 60
663 166
174 941
814 335
57 127
972 692
48 307
466 820
311 946
736 415
188 58
620 469
124 302
578 472
922 53
569 652
727 43
517 233
252 716
197 780
319 477
169 718
384 643
287 710
741 880
636 598
772 230
983 413
284 641
396 882
955 580
294 834
875 62
734 877
283 187
71 533
632 829
525 703
401 179
387 15
199 718
832 365
469 313
923 520
564 816
495 716
980 236
489 413
625 8
644 21
128 141
928 719
64 614
64 385
377 845
210 439
941 658
559 593
944 700
649 257
29 778
660 123
923 991
937 660
362 429
909 827
86 265
991 371
683 255
275 955
311 383
378 144
892 365
847 888
635 709
962 838
198 442
561 265
984 368
180 839
426 77
188 663
823 945
651 424
367 665
969 999
577 209
544 32
903 379
930 778
140 622
811 561
914 16
76 866
505 491
987 494
954 317
31 571
764 193
996 728
705 781
328 40
975 376
875 438
451 376
219 807
465 45
464 840
803 269
271 674
618 489
950 962
205 845
124 920
666 974
309 148
204 620
359 265
589 727
216 859
677 22
417 620
558 330
936 956
628 803
516 333
110 877
958 449
259 448
328 53
689 261
460 209
593 738
519 752
467 333
940 782
183 574
816 221
408 921
260 528
516 454
282 287
53 464
452 698
548 406
97 241
396 803
231 241
215 233
261 120
753 811
569 236
555 338
35 302
907 460
67 749
563 687
475 574
711 585
846 221
914 621
8 290
426 574
252 421
35 652
40 767
814 390
114 716
12 934
304 59
567 927
276 226
925 406
452 711
28 649
368 983
275 526
987 991
864 103
752 865
115 244
794 44
861 771
372 580
978 124
124 478
955 406
486 830
575 121
764 811
208 593
717 699
831 986
327 958
220 832
94 427
379 596
456 25
822 119
483 653
997 874
491 248
670 479
133 311
36 607
12 21
536 664
209 306
167 309
296 948
365 553
965 289
733 720
216 430
224 779
716 487
260 207
955 769
941 834
213 132
158 196
113 948
989 124
462 836
536 785
727 124
957 549
29 725
318 599
101 564
758 605
202 387
23 910
59 604
783 369
284 722
865 179
461 89
466 204
416 612
636 90
514 366
607 557
230 607
920 788
739 713
992 893
276 723
114 395
389 371
163 782
807 618
531 720
443 836
658 495
355 723
927 131
951 488
221 908
887 503
632 213
986 711
637 328
375 557
802 661
81 110
466 446
283 739
457 626
658 616
998 950
859 377
186 806
146 441
129 43
657 391
440 164
849 103
105 854
375 678
848 898
526 847
994 952
488 326
254 159
47 583
881 257
647 90
481 286
44 285
911 136
44 56
305 326
546 452
673 227
659 329
117 46
581 675
232 521
837 335
575 860
69 234
542 683
895 47
32 581
178 406
711 869
752 907
291 283
117 396
29 283
972 681
991 694
615 114
124 62
382 586
807 55
454 691
170 932
770 402
412 694
85 70
169 707
62 581
962 114
134 457
320 876
70 701
510 219
119 68
157 360
193 17
308 758
963 689
431 828
732 2
938 107
150 586
764 745
351 347
874 351
953 644
982 150
213 642
978 179
50 355
671 931
836 998
889 107
916 469
300 237
257 833
883 63
492 178
841 295
521 879
581 930
488 702
152 487
515 310
207 194
936 569
699 885
637 7
74 833
554 9
989 166
151 787
746 179
192 825
457 76
586 190
734 879
780 995
608 474
195 76
227 782
827 518
992 585
422 469
317 941
637 128
936 461
595 131
130 68
541 834
831 115
781 523
513 708
289 734
756 880
317 15
685 182
855 364
505 480
675 662
377 968
549 28
996 488
108 551
135 159
272 659
828 611
681 598
879 842
483 842
543 893
338 195
238 28
749 732
67 375
917 316
466 380
402 624
121 611
892 488
916 845
872 21
476 21
266 211
871 550
986 537
747 26
558 90
535 372
361 448
77 460
672 606
517 732
56 108
556 660
625 265
864 776
377 163
215 101
29 914
610 896
122 58
53 224
144 571
406 985
79 627
392 858
464 963
968 725
739 673
379 101
530 499
318 91
86 522
218 641
20 168
741 682
992 35
176 681
33 861
360 990
456 698
418 214
24 812
248 291
251 37
896 741
825 43
403 579
907 341
547 35
728 110
576 507
727 676
548 408
749 169
363 628
404 925
113 224
283 110
335 300
765 113
710 214
227 474
870 580
254 348
240 413
534 402
298 354
831 625
160 420
10 890
440 703
555 690
137 702
357 934
711 937
866 582
144 826
474 472
436 180
470 996
63 874
238 875
302 136
916 524
766 994
11 189
626 462
534 873
92 528
312 531
788 231
886 537
335 434
209 295
746 5
669 953
772 408
144 839
6 609
987 67
909 642
465 894
124 601
587 362
0 831
246 69
807 365
91 195
397 467
724 596
540 21
302 607
484 126
71 482
888 704
341 77
442 883
982 339
459 69
744 201
518 878
802 408
456 966
499 370
738 652
421 945
286 491
129 19
225 252
423 496
285 37
629 601
579 255
474 956
463 309
697 247
196 719
709 486
308 142
800 833
676 309
24 612
249 730
882 148
109 427
935 240
4 670
697 368
972 307
171 29
374 617
318 951
616 379
304 558
582 502
991 670
485 835
760 774
297 784
22 579
355 725
565 40
52 687
919 538
368 435
506 628
165 335
762 325
113 145
483 910
393 199
610 722
439 86
659 89
521 613
282 102
199 333
69 223
759 441
451 325
793 25
872 318
934 967
280 443
146 214
949 272
104 217
463 564
12 628
466 798
908 914
939 264
383 800
6 59
126 878
859 500
957 806
284 40
289 118
490 108
174 811
673 229
516 511
884 678
404 41
698 259
120 53
234 798
325 162
449 457
211 814
113 279
519 701
999 106
379 398
687 514
103 234
688 924
438 749
9 572
138 228
181 827
518 449
243 244
597 513
385 822
490 121
440 529
944 557
156 770
247 629
352 416
448 124
711 763
869 154
136 532
805 627
392 229
860 334
366 994
796 807
235 245
474 527
689 452
997 568
653 758
909 455
790 238
279 59
807 178
311 11
803 473
830 576
911 272
857 938
492 288
84 234
631 632
786 240
259 760
837 471
551 868
620 473
735 460
465 828
353 129
261 540
256 196
803 594
930 635
622 519
850 117
136 545
860 576
700 358
259 881
106 373
40 19
680 645
504 648
27 494
333 766
30 728
527 780
374 309
981 987
398 666
167 245
29 540
877 112
925 826
983 767
389 294
862 477
499 425
554 361
867 592
894 695
90 671
79 253
542 14
979 15
20 841
777 820
596 479
367 656
615 492
945 367
609 418
977 356
289 736
116 256
797 654
305 717
685 184
239 326
552 557
192 251
617 952
500 138
276 659
539 66
312 841
441 726
193 624
716 665
394 385
857 146
773 418
584 253
883 549
473 385
193 516
941 904
811 794
200 906
391 208
891 265
951 316
715 39
298 919
857 388
989 544
545 796
130 554
185 224
11 862
83 213
9 35
215 103
321 270
426 323
329 619
269 339
582 799
972 496
350 678
419 283
88 449
84 973
127 111
321 391
247 213
747 499
384 447
434 39
447 503
717 327
658 686
83 455
214 938
456 700
210 1
327 586
392 981
767 858
421 450
388 44
814 152
733 456
31 938
521 802
177 763
278 815
307 55
983 338
905 684
812 227
569 469
68 712
615 63
162 761
205 165
251 52
839 451
963 746
187 525
550 348
30 541
195 120
869 330
463 874
829 931
204 879
933 759
845 875
578 531
774 177
724 585
397 227
775 587
811 244
2 371
683 998
860 402
464 402
507 772
759 993
234 879
743 985
902 749
318 469
205 528
317 769
50 654
12 133
922 583
504 824
960 875
146 887
760 521
204 74
641 829
164 904
508 485
179 246
728 488
258 539
745 132
364 965
565 955
721 714
72 39
383 426
233 896
341 429
957 661
365 786
869 585
423 727
710 3
978 720
205 541
265 555
564 888
99 788
520 781
761 907
24 385
836 263
784 73
772 773
767 429
180 898
353 789
838 309
380 663
302 743
462 732
38 899
229 201
506 738
927 14
